[000020]
[000040]
[000050]
[000070]
[000080]
[000100]
[000120]
[000140]
[000150]
[000180]
[000210]
[000220]
[000230]
[000240]
[000250]
[000270]
[000300]
[000320]
[000390]
[000430]
[000440]
[000480]
[000490]
[000500]
[000520]
[000590]
[000640]
[000650]
[000660]
[000670]
[000680]
[000700]
[000720]
[000760]
[000850]
[000860]
[000880]
[000890]
[000910]
[000950]
[000970]
[000990]
[001000]
[001020]
[001040]
[001060]
[001070]
[001080]
[001120]
[001130]
[001140]
[001210]
[001230]
[001260]
[001340]
[001360]
[001380]
[001390]
[001420]
[001430]
[001440]
[001460]
[001470]
[001520]
[001530]
[001540]
[001550]
[001560]
[001570]
[001620]
[001630]
[001680]
[001740]
[001770]
[001780]
[001790]
[001800]
[001810]
[001820]
[001840]
[001880]
[001940]
[002000]
[002020]
[002030]
[002070]
[002100]
[002140]
[002150]
[002170]
[002200]
[002210]
[002220]
[002230]
[002240]
[002250]
[002270]
[002290]
[002300]
[002310]
[002320]
[002350]
[002360]
[002380]
[002390]
[002410]
[002420]
[002450]
[002460]
[002600]
[002620]
[002630]
[002680]
[002690]
[002700]
[002710]
[002720]
[002760]
[002780]
[002790]
[002800]
[002810]
[002820]
[002840]
[002870]
[002880]
[002900]
[002920]
[002960]
[002990]
[003000]
[003010]
[003030]
[003060]
[003070]
[003080]
[003090]
[003100]
[003120]
[003160]
[003200]
[003220]
[003230]
[003240]
[003280]
[003300]
[003310]
[003350]
[003410]
[003480]
[003490]
[003520]
[003550]
[003560]
[003570]
[003580]
[003610]
[003620]
[003650]
[003670]
[003680]
[003720]
[003780]
[003800]
[003830]
[003850]
[003920]
[003960]
[004000]
[004020]
[004060]
[004080]
[004090]
[004100]
[004130]
[004140]
[004150]
[004170]
[004200]
[004250]
[004270]
[004310]
[004360]
[004370]
[004380]
[004410]
[004430]
[004440]
[004450]
[004490]
[004540]
[004560]
[004590]
[004650]
[004690]
[004700]
[004710]
[004720]
[004740]
[004770]
[004780]
[004800]
[004830]
[004840]
[004870]
[004890]
[004910]
[004920]
[004960]
[004970]
[004980]
[004990]
[005010]
[005030]
[005070]
[005090]
[005110]
[005160]
[005180]
[005190]
[005250]
[005290]
[005300]
[005320]
[005360]
[005380]
[005390]
[005420]
[005430]
[005440]
[005450]
[005490]
[005500]
[005610]
[005620]
[005670]
[005680]
[005690]
[005710]
[005720]
[005740]
[005750]
[005800]
[005810]
[005820]
[005850]
[005860]
[005870]
[005880]
[005930]
[005950]
[005960]
[005980]
[005990]
[006040]
[006050]
[006060]
[006090]
[006110]
[006120]
[006140]
[006200]
[006260]
[006280]
[006340]
[006360]
[006370]
[006380]
[006390]
[006400]
[006490]
[006570]
[006580]
[006650]
[006660]
[006730]
[006740]
[006840]
[006880]
[006890]
[006910]
[006920]
[006980]
[007070]
[007110]
[007120]
[007160]
[007210]
[007280]
[007310]
[007340]
[007370]
[007390]
[007460]
[007530]
[007540]
[007570]
[007590]
[007610]
[007630]
[007660]
[007690]
[007700]
[007720]
[007770]
[007810]
[007820]
[007860]
[007980]
[008000]
[008040]
[008060]
[008110]
[008250]
[008260]
[008350]
[008370]
[008420]
[008470]
[008490]
[008500]
[008600]
[008700]
[008730]
[008770]
[008800]
[008830]
[008870]
[008930]
[008970]
[009070]
[009140]
[009150]
[009160]
[009180]
[009190]
[009200]
[009240]
[009270]
[009290]
[009300]
[009310]
[009320]
[009410]
[009420]
[009440]
[009450]
[009460]
[009470]
[009520]
[009540]
[009580]
[009620]
[009680]
[009730]
[009770]
[009780]
[009810]
[009830]
[009970]
[010040]
[010060]
[010100]
[010120]
[010130]
[010140]
[010170]
[010240]
[010280]
[010420]
[010470]
[010580]
[010600]
[010620]
[010640]
[010660]
[010690]
[010770]
[010780]
[010820]
[010950]
[010960]
[011000]
[011040]
[011070]
[011080]
[011090]
[011150]
[011160]
[011170]
[011200]
[011210]
[011230]
[011280]
[011300]
[011320]
[011330]
[011370]
[011390]
[011420]
[011500]
[011560]
[011690]
[011700]
[011760]
[011780]
[011790]
[011810]
[011930]
[012030]
[012160]
[012170]
[012200]
[012280]
[012320]
[012330]
[012340]
[012450]
[012510]
[012600]
[012610]
[012620]
[012630]
[012690]
[012700]
[012750]
[012790]
[012800]
[012860]
[013000]
[013030]
[013120]
[013310]
[013360]
[013520]
[013570]
[013580]
[013700]
[013720]
[013810]
[013870]
[013990]
[014100]
[014130]
[014160]
[014190]
[014200]
[014280]
[014440]
[014470]
[014530]
[014570]
[014580]
[014620]
[014680]
[014710]
[014790]
[014820]
[014830]
[014910]
[014940]
[014970]
[014990]
[015020]
[015230]
[015260]
[015350]
[015360]
[015540]
[015590]
[015710]
[015750]
[015760]
[015860]
[015890]
[016090]
[016100]
[016170]
[016250]
[016380]
[016450]
[016580]
[016590]
[016670]
[016710]
[016740]
[016800]
[016880]
[016920]
[017000]
[017040]
[017180]
[017250]
[017370]
[017390]
[017480]
[017510]
[017550]
[017650]
[017670]
[017680]
[017800]
[017810]
[017890]
[017900]
[017940]
[017960]
[018000]
[018120]
[018260]
[018290]
[018310]
[018470]
[018500]
[018620]
[018670]
[018680]
[018700]
[018880]
[019010]
[019170]
[019180]
[019210]
[019440]
[019490]
[019540]
[019660]
[019680]
[019770]
[019990]
[020000]
[020120]
[020150]
[020180]
[020400]
[020560]
[020710]
[020760]
[021040]
[021050]
[021080]
[021240]
[021320]
[021650]
[021820]
[022100]
[022220]
[023000]
[023150]
[023160]
[023350]
[023410]
[023430]
[023440]
[023450]
[023460]
[023530]
[023590]
[023600]
[023770]
[023790]
[023800]
[023810]
[023890]
[023900]
[023910]
[023960]
[024060]
[024070]
[024090]
[024120]
[024660]
[024720]
[024740]
[024800]
[024810]
[024830]
[024840]
[024850]
[024880]
[024890]
[024900]
[024910]
[024940]
[024950]
[025000]
[025320]
[025440]
[025530]
[025540]
[025550]
[025560]
[025620]
[025750]
[025770]
[025820]
[025860]
[025870]
[025880]
[025890]
[025900]
[025950]
[025980]
[026040]
[026150]
[026180]
[026260]
[026890]
[026910]
[026940]
[026960]
[027040]
[027050]
[027390]
[027410]
[027580]
[027710]
[027740]
[027970]
[028040]
[028050]
[028080]
[028100]
[028150]
[028260]
[028300]
[028670]
[029460]
[029480]
[029530]
[029960]
[030000]
[030190]
[030200]
[030270]
[030350]
[030520]
[030530]
[030720]
[030790]
[030960]
[031310]
[031330]
[031390]
[031430]
[031440]
[031510]
[031820]
[031860]
[031980]
[032040]
[032080]
[032190]
[032280]
[032350]
[032500]
[032540]
[032560]
[032580]
[032620]
[032640]
[032680]
[032750]
[032790]
[032800]
[032820]
[032850]
[032860]
[032940]
[032960]
[032980]
[033050]
[033100]
[033110]
[033130]
[033160]
[033170]
[033180]
[033200]
[033230]
[033240]
[033250]
[033270]
[033290]
[033310]
[033320]
[033340]
[033430]
[033500]
[033530]
[033540]
[033560]
[033600]
[033640]
[033780]
[033790]
[033830]
[033920]
[034020]
[034120]
[034220]
[034230]
[034300]
[034310]
[034590]
[034730]
[034810]
[034940]
[034950]
[035000]
[035080]
[035150]
[035200]
[035250]
[035290]
[035420]
[035460]
[035480]
[035510]
[035600]
[035610]
[035620]
[035720]
[035760]
[035810]
[035890]
[035900]
[036000]
[036010]
[036030]
[036090]
[036120]
[036170]
[036180]
[036190]
[036200]
[036260]
[036420]
[036460]
[036480]
[036490]
[036500]
[036530]
[036540]
[036560]
[036570]
[036580]
[036620]
[036630]
[036640]
[036670]
[036690]
[036710]
[036800]
[036810]
[036830]
[036890]
[036930]
[037070]
[037230]
[037270]
[037330]
[037350]
[037370]
[037400]
[037440]
[037460]
[037560]
[037710]
[037760]
[037950]
[038010]
[038060]
[038070]
[038110]
[038160]
[038290]
[038340]
[038390]
[038460]
[038500]
[038530]
[038540]
[038620]
[038680]
[038870]
[038880]
[038950]
[039010]
[039020]
[039030]
[039130]
[039200]
[039230]
[039240]
[039290]
[039310]
[039340]
[039420]
[039440]
[039560]
[039570]
[039610]
[039670]
[039740]
[039790]
[039830]
[039840]
[039860]
[039980]
[040160]
[040300]
[040350]
[040420]
[040610]
[040910]
[041020]
[041140]
[041440]
[041460]
[041510]
[041520]
[041590]
[041650]
[041830]
[041910]
[041920]
[041930]
[041960]
[042040]
[042110]
[042370]
[042420]
[042500]
[042510]
[042520]
[042600]
[042660]
[042670]
[042700]
[042940]
[043090]
[043100]
[043150]
[043200]
[043220]
[043260]
[043290]
[043340]
[043360]
[043370]
[043580]
[043590]
[043610]
[043650]
[043710]
[043910]
[044060]
[044180]
[044340]
[044380]
[044450]
[044480]
[044490]
[044780]
[044820]
[044960]
[045060]
[045100]
[045300]
[045340]
[045390]
[045510]
[045520]
[045660]
[045890]
[045970]
[046070]
[046110]
[046120]
[046140]
[046210]
[046310]
[046390]
[046440]
[046890]
[046940]
[046970]
[047040]
[047050]
[047080]
[047310]
[047400]
[047440]
[047560]
[047770]
[047810]
[047820]
[047920]
[048260]
[048410]
[048430]
[048470]
[048530]
[048550]
[048770]
[048830]
[048870]
[048910]
[049070]
[049080]
[049120]
[049180]
[049430]
[049470]
[049480]
[049520]
[049550]
[049630]
[049720]
[049770]
[049800]
[049830]
[049950]
[049960]
[050090]
[050110]
[050120]
[050320]
[050540]
[050760]
[050860]
[050890]
[050960]
[051160]
[051170]
[051360]
[051370]
[051380]
[051390]
[051490]
[051500]
[051600]
[051630]
[051780]
[051900]
[051910]
[051980]
[052020]
[052190]
[052220]
[052260]
[052270]
[052290]
[052300]
[052330]
[052400]
[052420]
[052460]
[052600]
[052670]
[052690]
[052710]
[052770]
[052790]
[052860]
[052900]
[053030]
[053050]
[053060]
[053110]
[053160]
[053210]
[053260]
[053270]
[053280]
[053290]
[053300]
[053350]
[053450]
[053590]
[053610]
[053620]
[053660]
[053690]
[053700]
[053800]
[053950]
[053980]
[054040]
[054050]
[054090]
[054180]
[054210]
[054220]
[054300]
[054340]
[054410]
[054450]
[054540]
[054620]
[054630]
[054670]
[054780]
[054800]
[054920]
[054930]
[054940]
[054950]
[056000]
[056080]
[056090]
[056190]
[056360]
[056700]
[056730]
[057030]
[057050]
[057500]
[057540]
[057680]
[057880]
[058110]
[058220]
[058370]
[058400]
[058420]
[058430]
[058450]
[058470]
[058530]
[058610]
[058630]
[058650]
[058730]
[058820]
[058850]
[058860]
[059090]
[059100]
[059120]
[059210]
[060150]
[060230]
[060240]
[060250]
[060260]
[060280]
[060300]
[060310]
[060370]
[060380]
[060480]
[060540]
[060560]
[060570]
[060590]
[060720]
[060900]
[060980]
[061040]
[061250]
[061460]
[061970]
[062860]
[063080]
[063160]
[063170]
[063440]
[063570]
[064090]
[064240]
[064260]
[064290]
[064350]
[064480]
[064520]
[064550]
[064760]
[064800]
[064820]
[064960]
[065060]
[065130]
[065150]
[065160]
[065170]
[065350]
[065420]
[065440]
[065450]
[065500]
[065510]
[065530]
[065560]
[065570]
[065620]
[065650]
[065660]
[065680]
[065690]
[065710]
[065770]
[065940]
[065950]
[066110]
[066130]
[066310]
[066410]
[066430]
[066570]
[066590]
[066620]
[066670]
[066700]
[066790]
[066900]
[066910]
[066970]
[066980]
[067000]
[067010]
[067080]
[067160]
[067170]
[067280]
[067290]
[067310]
[067390]
[067570]
[067630]
[067730]
[067770]
[067830]
[067900]
[067920]
[067990]
[068050]
[068240]
[068270]
[068290]
[068330]
[068400]
[068760]
[068790]
[068930]
[068940]
[069080]
[069110]
[069140]
[069260]
[069330]
[069410]
[069460]
[069510]
[069540]
[069620]
[069640]
[069730]
[069920]
[069960]
[070300]
[070590]
[070960]
[071090]
[071200]
[071280]
[071320]
[071460]
[071670]
[071840]
[071850]
[071950]
[071970]
[072020]
[072130]
[072470]
[072520]
[072710]
[072770]
[072870]
[072950]
[072990]
[073010]
[073070]
[073110]
[073190]
[073240]
[073490]
[073540]
[073560]
[073570]
[073640]
[074430]
[074600]
[074610]
[075130]
[075180]
[075580]
[075970]
[076080]
[076610]
[077280]
[077360]
[077500]
[077970]
[078000]
[078070]
[078130]
[078140]
[078150]
[078160]
[078340]
[078350]
[078520]
[078590]
[078600]
[078650]
[078860]
[078890]
[078930]
[078940]
[079000]
[079160]
[079170]
[079190]
[079370]
[079430]
[079550]
[079650]
[079660]
[079810]
[079940]
[079950]
[079960]
[079970]
[079980]
[080000]
[080010]
[080160]
[080220]
[080420]
[080440]
[080470]
[080520]
[080530]
[080580]
[081000]
[081150]
[081580]
[081660]
[081970]
[082210]
[082270]
[082660]
[082740]
[082800]
[082850]
[082920]
[083310]
[083350]
[083360]
[083370]
[083380]
[083390]
[083420]
[083450]
[083470]
[083500]
[083550]
[083570]
[083580]
[083590]
[083600]
[083610]
[083620]
[083640]
[083650]
[083660]
[083790]
[083930]
[084010]
[084110]
[084180]
[084370]
[084650]
[084670]
[084680]
[084690]
[084730]
[084870]
[084990]
[085310]
[085370]
[085660]
[085670]
[085810]
[085910]
[086040]
[086060]
[086250]
[086280]
[086390]
[086450]
[086520]
[086670]
[086830]
[086890]
[086900]
[086960]
[086980]
[087010]
[087220]
[087260]
[087600]
[087730]
[088130]
[088290]
[088390]
[088790]
[088800]
[088910]
[089010]
[089030]
[089140]
[089150]
[089230]
[089470]
[089530]
[089590]
[089600]
[089790]
[089850]
[089890]
[089980]
[090080]
[090150]
[090350]
[090360]
[090370]
[090410]
[090430]
[090460]
[090470]
[090710]
[090730]
[090740]
[090850]
[090970]
[090980]
[090990]
[091000]
[091090]
[091120]
[091340]
[091440]
[091580]
[091590]
[091700]
[091970]
[092040]
[092070]
[092130]
[092200]
[092220]
[092230]
[092300]
[092440]
[092460]
[092600]
[092730]
[092870]
[093050]
[093190]
[093230]
[093240]
[093320]
[093370]
[093380]
[093520]
[093640]
[093920]
[094170]
[094190]
[094280]
[094360]
[094480]
[094820]
[094840]
[094850]
[094860]
[094940]
[094970]
[095190]
[095270]
[095300]
[095340]
[095500]
[095570]
[095610]
[095660]
[095700]
[095720]
[095910]
[096040]
[096240]
[096350]
[096530]
[096610]
[096630]
[096640]
[096690]
[096760]
[096770]
[096870]
[097230]
[097520]
[097780]
[097800]
[097870]
[097950]
[098120]
[098460]
[098660]
[099190]
[099220]
[099320]
[099410]
[099440]
[099520]
[099660]
[099830]
[100030]
[100090]
[100120]
[100130]
[100220]
[100250]
[100660]
[100700]
[100840]
[101000]
[101060]
[101140]
[101160]
[101170]
[101240]
[101330]
[101390]
[101400]
[101490]
[101530]
[101670]
[101680]
[101730]
[101930]
[102120]
[102210]
[102260]
[102280]
[102460]
[102710]
[102940]
[103130]
[103140]
[103230]
[103590]
[104040]
[104200]
[104460]
[104480]
[104540]
[104700]
[104830]
[105330]
[105550]
[105630]
[105740]
[105840]
[106080]
[106190]
[106240]
[106520]
[107590]
[108230]
[108320]
[108380]
[108670]
[108790]
[108860]
[109070]
[109080]
[109610]
[109740]
[109820]
[109860]
[109960]
[110570]
[111110]
[111770]
[111820]
[111870]
[112040]
[112240]
[112610]
[113810]
[114090]
[114120]
[114190]
[114450]
[114570]
[114630]
[114810]
[115160]
[115180]
[115310]
[115390]
[115440]
[115450]
[115480]
[115500]
[115530]
[115570]
[115610]
[115960]
[117580]
[117670]
[118000]
[119500]
[119610]
[119650]
[119830]
[119850]
[119860]
[120030]
[120110]
[120240]
[121440]
[121600]
[121800]
[121850]
[121890]
[122350]
[122450]
[122640]
[122690]
[122800]
[122870]
[122900]
[122990]
[123010]
[123040]
[123100]
[123260]
[123330]
[123410]
[123420]
[123570]
[123690]
[123700]
[123750]
[123840]
[123860]
[124500]
[126560]
[126600]
[126640]
[126700]
[126870]
[126880]
[127120]
[127160]
[127710]
[128660]
[128820]
[128940]
[129260]
[130500]
[130580]
[130660]
[130740]
[130960]
[131030]
[131090]
[131100]
[131180]
[131220]
[131290]
[131370]
[131390]
[131400]
[131760]
[131970]
[133750]
[133820]
[134060]
[134380]
[134580]
[134780]
[134790]
[136480]
[136490]
[136510]
[136540]
[137400]
[137940]
[137950]
[138070]
[138080]
[138250]
[138360]
[138490]
[138610]
[138690]
[139050]
[139480]
[139670]
[140070]
[140410]
[140520]
[140860]
[140890]
[140910]
[141000]
[141020]
[141070]
[141080]
[142210]
[142280]
[142760]
[143160]
[143210]
[143240]
[143540]
[144510]
[144620]
[144960]
[145020]
[145210]
[145270]
[145720]
[145990]
[147760]
[147830]
[148250]
[149940]
[149950]
[149980]
[150840]
[150900]
[151860]
[151910]
[152330]
[153360]
[153460]
[153490]
[154040]
[155650]
[155660]
[155900]
[155960]
[156100]
[158310]
[159580]
[159650]
[159910]
[160550]
[160600]
[160980]
[161000]
[161390]
[161570]
[161890]
[163560]
[166480]
[168330]
[170030]
[170790]
[170900]
[170920]
[171010]
[171120]
[172580]
[173940]
[174880]
[175140]
[176440]
[177350]
[177830]
[178780]
[178920]
[180400]
[180640]
[181710]
[182360]
[182400]
[182690]
[183190]
[183300]
[184230]
[185490]
[185750]
[187220]
[187270]
[187420]
[187790]
[189300]
[189690]
[189860]
[189980]
[190510]
[191410]
[191420]
[192080]
[192250]
[192390]
[192400]
[192440]
[192820]
[193250]
[194370]
[194480]
[194510]
[194610]
[195440]
[195870]
[195990]
[196170]
[196300]
[196450]
[196490]
[196700]
[197210]
[200130]
[200230]
[200470]
[200670]
[200710]
[200780]
[200880]
[201490]
[203450]
[203650]
[203690]
[204210]
[204320]
[204630]
[204840]
[204990]
[205100]
[205500]
[206400]
[206560]
[206640]
[206650]
[207760]
[208140]
[208350]
[208370]
[208640]
[208710]
[208860]
[208870]
[210540]
[210980]
[211270]
[212560]
[213090]
[213420]
[213500]
[214180]
[214270]
[214310]
[214320]
[214330]
[214370]
[214390]
[214420]
[214430]
[214450]
[214680]
[214870]
[215000]
[215090]
[215100]
[215200]
[215360]
[215600]
[215750]
[216050]
[217190]
[217270]
[217480]
[217730]
[217820]
[218150]
[219130]
[219550]
[220100]
[220180]
[220260]
[220630]
[221200]
[221610]
[221840]
[221980]
[222040]
[222080]
[222110]
[222420]
[222800]
[222810]
[222980]
[223310]
[224060]
[224110]
[225330]
[225530]
[225650]
[226320]
[226350]
[227840]
[228340]
[228850]
[229640]
[230240]
[230360]
[230980]
[234080]
[234920]
[236200]
[237690]
[237750]
[237880]
[238090]
[238120]
[239340]
[239610]
[240810]
[241560]
[241590]
[241690]
[241710]
[241790]
[241820]
[243070]
[246720]
[248170]
[249420]
[250060]
[900100]
[950130]
[950140]
[001250]
[008290]
[192410]
[900040]
[900070]
[900080]
[900110]
[900120]
[900140]
[900250]
[900260]
[900280]
[900300]
[950110]
