000020
000040
000050
000070
000080
000100
000120
000140
000150
000180
000210
000220
000230
000240
000250
000270
000300
000320
000390
000430
000440
000480
000490
000500
000520
000590
000640
000650
000660
000670
000680
000700
000720
000760
000850
000860
000880
000890
000910
000950
000970
000990
001000
001020
001040
001060
001070
001080
001120
001130
001140
001210
001230
001250
001260
001340
001360
001380
001390
001420
001430
001440
001460
001470
001520
001530
001540
001550
001560
001570
001620
001630
001680
001740
001770
001780
001790
001800
001810
001820
001840
001880
001940
002020
002030
002070
